{"n_deciles": 10, "n_date_pairs": 64, "counts": [[2932, 1268, 557, 281, 77, 100, 109, 107, 103, 98], [1237, 1909, 1177, 657, 230, 324, 330, 353, 213, 162], [527, 1153, 1289, 916, 382, 441, 546, 423, 261, 206], [291, 625, 859, 1945, 983, 507, 446, 446, 267, 159], [121, 302, 366, 1018, 2688, 890, 367, 314, 159, 111], [108, 282, 451, 477, 1022, 1947, 863, 614, 385, 251], [116, 335, 482, 460, 374, 940, 1253, 989, 713, 418], [110, 316, 439, 391, 279, 632, 1030, 1347, 1230, 818], [101, 217, 298, 228, 175, 371, 693, 1214, 1492, 1355], [89, 185, 226, 155, 126, 248, 443, 785, 1321, 3398]], "row_prob": [[0.5206, 0.2251, 0.0989, 0.0499, 0.0137, 0.0178, 0.0194, 0.019, 0.0183, 0.0174], [0.1877, 0.2896, 0.1785, 0.0997, 0.0349, 0.0492, 0.0501, 0.0535, 0.0323, 0.0246], [0.0858, 0.1877, 0.2098, 0.1491, 0.0622, 0.0718, 0.0889, 0.0688, 0.0425, 0.0335], [0.0446, 0.0957, 0.1316, 0.2979, 0.1506, 0.0777, 0.0683, 0.0683, 0.0409, 0.0244], [0.0191, 0.0477, 0.0578, 0.1607, 0.4242, 0.1405, 0.0579, 0.0496, 0.0251, 0.0175], [0.0169, 0.0441, 0.0705, 0.0745, 0.1597, 0.3042, 0.1348, 0.0959, 0.0602, 0.0392], [0.0191, 0.0551, 0.0793, 0.0757, 0.0615, 0.1546, 0.2061, 0.1627, 0.1173, 0.0688], [0.0167, 0.0479, 0.0666, 0.0593, 0.0423, 0.0959, 0.1562, 0.2043, 0.1866, 0.1241], [0.0164, 0.0353, 0.0485, 0.0371, 0.0285, 0.0604, 0.1128, 0.1976, 0.2428, 0.2205], [0.0128, 0.0265, 0.0324, 0.0222, 0.0181, 0.0356, 0.0635, 0.1125, 0.1894, 0.4871]], "new_flagged": [{"ticker": "CXM", "sector": "Information Technology", "decile": 10, "prev_decile": 8}, {"ticker": "SKYW", "sector": "Industrials", "decile": 10, "prev_decile": 8}, {"ticker": "RYN", "sector": "Real Estate", "decile": 10, "prev_decile": 8}, {"ticker": "ABM", "sector": "Industrials", "decile": 9, "prev_decile": 8}, {"ticker": "ALG", "sector": "Industrials", "decile": 9, "prev_decile": 8}, {"ticker": "ALKS", "sector": "Health Care", "decile": 9, "prev_decile": 8}, {"ticker": "BOX", "sector": "Information Technology", "decile": 9, "prev_decile": 7}, {"ticker": "COLL", "sector": "Health Care", "decile": 9, "prev_decile": 8}, {"ticker": "CSW", "sector": "Industrials", "decile": 9, "prev_decile": 8}, {"ticker": "EMN", "sector": "Materials", "decile": 9, "prev_decile": 8}, {"ticker": "FBK", "sector": "Financials", "decile": 9, "prev_decile": 8}, {"ticker": "HLX", "sector": "Energy", "decile": 9, "prev_decile": 8}, {"ticker": "LTC", "sector": "Real Estate", "decile": 9, "prev_decile": 7}, {"ticker": "MTCH", "sector": "Communication Services", "decile": 9, "prev_decile": 8}, {"ticker": "NHC", "sector": "Health Care", "decile": 9, "prev_decile": 8}, {"ticker": "RUSHA", "sector": "Industrials", "decile": 9, "prev_decile": 8}, {"ticker": "SKT", "sector": "Real Estate", "decile": 9, "prev_decile": 6}, {"ticker": "SPSC", "sector": "Information Technology", "decile": 9, "prev_decile": 8}, {"ticker": "THRM", "sector": "Consumer Discretionary", "decile": 9, "prev_decile": 8}, {"ticker": "UPBD", "sector": "Consumer Discretionary", "decile": 9, "prev_decile": 8}, {"ticker": "BHF", "sector": "Financials", "decile": 9, "prev_decile": 8}, {"ticker": "BJ", "sector": "Consumer Staples", "decile": 9, "prev_decile": 8}, {"ticker": "BMRN", "sector": "Health Care", "decile": 9, "prev_decile": 7}, {"ticker": "BSY", "sector": "Information Technology", "decile": 9, "prev_decile": 8}, {"ticker": "CRBG", "sector": "Financials", "decile": 9, "prev_decile": 8}, {"ticker": "CW", "sector": "Industrials", "decile": 9, "prev_decile": 8}, {"ticker": "ENSG", "sector": "Health Care", "decile": 9, "prev_decile": 7}, {"ticker": "EXPO", "sector": "Industrials", "decile": 9, "prev_decile": 8}, {"ticker": "GLPI", "sector": "Real Estate", "decile": 9, "prev_decile": 8}, {"ticker": "ITT", "sector": "Industrials", "decile": 9, "prev_decile": 8}, {"ticker": "LSTR", "sector": "Industrials", "decile": 9, "prev_decile": 8}, {"ticker": "NOV", "sector": "Energy", "decile": 9, "prev_decile": 8}, {"ticker": "NTNX", "sector": "Information Technology", "decile": 9, "prev_decile": 8}, {"ticker": "SN", "sector": "Consumer Discretionary", "decile": 9, "prev_decile": 8}, {"ticker": "TXNM", "sector": "Utilities", "decile": 9, "prev_decile": 7}, {"ticker": "TXRH", "sector": "Consumer Discretionary", "decile": 9, "prev_decile": 8}], "exited": [{"ticker": "ASTH", "sector": "Health Care", "decile": 8, "prev_decile": 9}, {"ticker": "BDC", "sector": "Information Technology", "decile": 8, "prev_decile": 9}, {"ticker": "CNO", "sector": "Financials", "decile": 8, "prev_decile": 9}, {"ticker": "CRS", "sector": "Industrials", "decile": 8, "prev_decile": 9}, {"ticker": "CTS", "sector": "Information Technology", "decile": 7, "prev_decile": 9}, {"ticker": "DKS", "sector": "Consumer Discretionary", "decile": 8, "prev_decile": 9}, {"ticker": "DTM", "sector": "Energy", "decile": 6, "prev_decile": 9}, {"ticker": "EPAC", "sector": "Industrials", "decile": 8, "prev_decile": 10}, {"ticker": "ESNT", "sector": "Financials", "decile": 8, "prev_decile": 9}, {"ticker": "FCPT", "sector": "Real Estate", "decile": 8, "prev_decile": 9}, {"ticker": "GTY", "sector": "Real Estate", "decile": 8, "prev_decile": 9}, {"ticker": "HAYW", "sector": "Industrials", "decile": 8, "prev_decile": 10}, {"ticker": "IDA", "sector": "Utilities", "decile": 8, "prev_decile": 9}, {"ticker": "IRT", "sector": "Real Estate", "decile": 6, "prev_decile": 9}, {"ticker": "KOP", "sector": "Materials", "decile": 8, "prev_decile": 9}, {"ticker": "LAUR", "sector": "Consumer Discretionary", "decile": 8, "prev_decile": 9}, {"ticker": "LGND", "sector": "Health Care", "decile": 8, "prev_decile": 9}, {"ticker": "LNTH", "sector": "Health Care", "decile": 6, "prev_decile": 9}, {"ticker": "NPO", "sector": "Industrials", "decile": 8, "prev_decile": 10}, {"ticker": "NTCT", "sector": "Information Technology", "decile": 8, "prev_decile": 9}, {"ticker": "OSIS", "sector": "Information Technology", "decile": 8, "prev_decile": 9}, {"ticker": "PEGA", "sector": "Information Technology", "decile": 8, "prev_decile": 9}, {"ticker": "POST", "sector": "Consumer Staples", "decile": 8, "prev_decile": 10}, {"ticker": "POWL", "sector": "Industrials", "decile": 8, "prev_decile": 9}, {"ticker": "PRDO", "sector": "Consumer Discretionary", "decile": 8, "prev_decile": 9}, {"ticker": "SBCF", "sector": "Financials", "decile": 8, "prev_decile": 9}, {"ticker": "SHC", "sector": "Health Care", "decile": 8, "prev_decile": 9}, {"ticker": "SPXC", "sector": "Industrials", "decile": 8, "prev_decile": 9}, {"ticker": "STAG", "sector": "Real Estate", "decile": 7, "prev_decile": 10}, {"ticker": "SXI", "sector": "Industrials", "decile": 7, "prev_decile": 9}, {"ticker": "UFPT", "sector": "Health Care", "decile": 7, "prev_decile": 9}, {"ticker": "ULS", "sector": "Industrials", "decile": 8, "prev_decile": 9}, {"ticker": "VTOL", "sector": "Energy", "decile": 8, "prev_decile": 9}, {"ticker": "WH", "sector": "Consumer Discretionary", "decile": 8, "prev_decile": 9}, {"ticker": "WLY", "sector": "Communication Services", "decile": 8, "prev_decile": 10}, {"ticker": "WWD", "sector": "Industrials", "decile": 8, "prev_decile": 9}], "latest_date": "2026-07-17", "prev_date": "2026-06-30"}