{"n_deciles": 10, "n_date_pairs": 64, "counts": [[2974, 1286, 556, 281, 78, 99, 111, 110, 99, 102], [1249, 1882, 1186, 648, 227, 327, 343, 346, 214, 170], [518, 1170, 1276, 931, 370, 444, 529, 432, 266, 208], [294, 609, 857, 1945, 988, 501, 463, 459, 255, 157], [119, 303, 378, 1021, 2681, 874, 378, 314, 161, 107], [116, 282, 456, 480, 1028, 1905, 854, 589, 378, 248], [123, 325, 481, 457, 393, 921, 1251, 987, 717, 425], [110, 314, 442, 377, 279, 640, 1011, 1361, 1242, 816], [103, 230, 297, 226, 174, 375, 703, 1204, 1491, 1341], [90, 191, 215, 162, 118, 250, 437, 790, 1321, 3402]], "row_prob": [[0.5221, 0.2258, 0.0976, 0.0493, 0.0137, 0.0174, 0.0195, 0.0193, 0.0174, 0.0179], [0.1895, 0.2855, 0.1799, 0.0983, 0.0344, 0.0496, 0.052, 0.0525, 0.0325, 0.0258], [0.0843, 0.1904, 0.2077, 0.1515, 0.0602, 0.0723, 0.0861, 0.0703, 0.0433, 0.0339], [0.045, 0.0933, 0.1313, 0.2979, 0.1513, 0.0767, 0.0709, 0.0703, 0.0391, 0.0241], [0.0188, 0.0478, 0.0597, 0.1611, 0.4231, 0.1379, 0.0597, 0.0496, 0.0254, 0.0169], [0.0183, 0.0445, 0.072, 0.0758, 0.1622, 0.3007, 0.1348, 0.093, 0.0597, 0.0391], [0.0202, 0.0535, 0.0791, 0.0752, 0.0646, 0.1515, 0.2058, 0.1623, 0.1179, 0.0699], [0.0167, 0.0476, 0.0671, 0.0572, 0.0423, 0.0971, 0.1534, 0.2065, 0.1884, 0.1238], [0.0168, 0.0374, 0.0483, 0.0368, 0.0283, 0.061, 0.1144, 0.196, 0.2427, 0.2183], [0.0129, 0.0274, 0.0308, 0.0232, 0.0169, 0.0358, 0.0626, 0.1132, 0.1894, 0.4877]], "new_flagged": [{"ticker": "REX", "sector": "Energy", "decile": 10, "prev_decile": 8}, {"ticker": "SKYW", "sector": "Industrials", "decile": 10, "prev_decile": 8}, {"ticker": "RYN", "sector": "Real Estate", "decile": 10, "prev_decile": 8}, {"ticker": "ABM", "sector": "Industrials", "decile": 9, "prev_decile": 8}, {"ticker": "ALG", "sector": "Industrials", "decile": 9, "prev_decile": 8}, {"ticker": "ALKS", "sector": "Health Care", "decile": 9, "prev_decile": 8}, {"ticker": "BOX", "sector": "Information Technology", "decile": 9, "prev_decile": 7}, {"ticker": "COLL", "sector": "Health Care", "decile": 9, "prev_decile": 8}, {"ticker": "CURB", "sector": "Real Estate", "decile": 9, "prev_decile": 8}, {"ticker": "CXM", "sector": "Information Technology", "decile": 9, "prev_decile": 8}, {"ticker": "DCOM", "sector": "Financials", "decile": 9, "prev_decile": 8}, {"ticker": "EMN", "sector": "Materials", "decile": 9, "prev_decile": 8}, {"ticker": "FBK", "sector": "Financials", "decile": 9, "prev_decile": 8}, {"ticker": "HLX", "sector": "Energy", "decile": 9, "prev_decile": 8}, {"ticker": "LQDT", "sector": "Industrials", "decile": 9, "prev_decile": 8}, {"ticker": "LTC", "sector": "Real Estate", "decile": 9, "prev_decile": 7}, {"ticker": "MTCH", "sector": "Communication Services", "decile": 9, "prev_decile": 8}, {"ticker": "NHC", "sector": "Health Care", "decile": 9, "prev_decile": 8}, {"ticker": "RUSHA", "sector": "Industrials", "decile": 9, "prev_decile": 8}, {"ticker": "SPSC", "sector": "Information Technology", "decile": 9, "prev_decile": 8}, {"ticker": "THRM", "sector": "Consumer Discretionary", "decile": 9, "prev_decile": 8}, {"ticker": "UPBD", "sector": "Consumer Discretionary", "decile": 9, "prev_decile": 8}, {"ticker": "BHF", "sector": "Financials", "decile": 9, "prev_decile": 8}, {"ticker": "BJ", "sector": "Consumer Staples", "decile": 9, "prev_decile": 8}, {"ticker": "BMRN", "sector": "Health Care", "decile": 9, "prev_decile": 7}, {"ticker": "BSY", "sector": "Information Technology", "decile": 9, "prev_decile": 8}, {"ticker": "CW", "sector": "Industrials", "decile": 9, "prev_decile": 8}, {"ticker": "ENSG", "sector": "Health Care", "decile": 9, "prev_decile": 7}, {"ticker": "EXPO", "sector": "Industrials", "decile": 9, "prev_decile": 8}, {"ticker": "GLPI", "sector": "Real Estate", "decile": 9, "prev_decile": 8}, {"ticker": "LSTR", "sector": "Industrials", "decile": 9, "prev_decile": 8}, {"ticker": "NOV", "sector": "Energy", "decile": 9, "prev_decile": 8}, {"ticker": "NTNX", "sector": "Information Technology", "decile": 9, "prev_decile": 8}, {"ticker": "SN", "sector": "Consumer Discretionary", "decile": 9, "prev_decile": 8}, {"ticker": "TXNM", "sector": "Utilities", "decile": 9, "prev_decile": 7}, {"ticker": "TXRH", "sector": "Consumer Discretionary", "decile": 9, "prev_decile": 8}], "exited": [{"ticker": "ASTH", "sector": "Health Care", "decile": 8, "prev_decile": 9}, {"ticker": "BDC", "sector": "Information Technology", "decile": 8, "prev_decile": 9}, {"ticker": "CTS", "sector": "Information Technology", "decile": 7, "prev_decile": 9}, {"ticker": "DKS", "sector": "Consumer Discretionary", "decile": 8, "prev_decile": 9}, {"ticker": "DTM", "sector": "Energy", "decile": 6, "prev_decile": 9}, {"ticker": "EPAC", "sector": "Industrials", "decile": 8, "prev_decile": 10}, {"ticker": "ESNT", "sector": "Financials", "decile": 8, "prev_decile": 9}, {"ticker": "FCPT", "sector": "Real Estate", "decile": 8, "prev_decile": 9}, {"ticker": "GTY", "sector": "Real Estate", "decile": 8, "prev_decile": 9}, {"ticker": "HAYW", "sector": "Industrials", "decile": 8, "prev_decile": 10}, {"ticker": "IDA", "sector": "Utilities", "decile": 8, "prev_decile": 9}, {"ticker": "IRT", "sector": "Real Estate", "decile": 7, "prev_decile": 9}, {"ticker": "KOP", "sector": "Materials", "decile": 8, "prev_decile": 9}, {"ticker": "LAUR", "sector": "Consumer Discretionary", "decile": 8, "prev_decile": 9}, {"ticker": "LGND", "sector": "Health Care", "decile": 8, "prev_decile": 9}, {"ticker": "LNTH", "sector": "Health Care", "decile": 6, "prev_decile": 9}, {"ticker": "NPO", "sector": "Industrials", "decile": 8, "prev_decile": 10}, {"ticker": "NTCT", "sector": "Information Technology", "decile": 8, "prev_decile": 9}, {"ticker": "OSIS", "sector": "Information Technology", "decile": 8, "prev_decile": 9}, {"ticker": "PEGA", "sector": "Information Technology", "decile": 8, "prev_decile": 9}, {"ticker": "PIPR", "sector": "Financials", "decile": 8, "prev_decile": 9}, {"ticker": "POST", "sector": "Consumer Staples", "decile": 8, "prev_decile": 10}, {"ticker": "POWL", "sector": "Industrials", "decile": 8, "prev_decile": 9}, {"ticker": "PRDO", "sector": "Consumer Discretionary", "decile": 8, "prev_decile": 9}, {"ticker": "SBCF", "sector": "Financials", "decile": 8, "prev_decile": 9}, {"ticker": "SHC", "sector": "Health Care", "decile": 8, "prev_decile": 9}, {"ticker": "SPXC", "sector": "Industrials", "decile": 8, "prev_decile": 9}, {"ticker": "STAG", "sector": "Real Estate", "decile": 7, "prev_decile": 10}, {"ticker": "SXI", "sector": "Industrials", "decile": 7, "prev_decile": 9}, {"ticker": "UFPT", "sector": "Health Care", "decile": 7, "prev_decile": 9}, {"ticker": "ULS", "sector": "Industrials", "decile": 8, "prev_decile": 9}, {"ticker": "VTOL", "sector": "Energy", "decile": 8, "prev_decile": 9}, {"ticker": "WH", "sector": "Consumer Discretionary", "decile": 8, "prev_decile": 9}, {"ticker": "WKC", "sector": "Energy", "decile": 8, "prev_decile": 9}, {"ticker": "WLY", "sector": "Communication Services", "decile": 8, "prev_decile": 10}, {"ticker": "WWD", "sector": "Industrials", "decile": 8, "prev_decile": 9}], "latest_date": "2026-07-17", "prev_date": "2026-06-30"}