{"n_deciles": 10, "n_date_pairs": 66, "counts": [[1474, 899, 561, 482, 367, 299, 245, 218, 179, 192], [838, 1067, 874, 698, 615, 459, 381, 344, 221, 170], [571, 816, 835, 757, 661, 536, 479, 383, 273, 191], [418, 677, 813, 840, 715, 615, 573, 491, 321, 238], [371, 597, 591, 755, 859, 699, 618, 563, 437, 281], [323, 486, 516, 622, 715, 740, 651, 641, 463, 305], [245, 347, 455, 569, 610, 658, 818, 755, 611, 422], [232, 332, 398, 429, 532, 649, 732, 923, 836, 650], [205, 281, 273, 346, 431, 461, 600, 742, 1066, 1052], [183, 179, 206, 228, 278, 370, 400, 669, 1047, 2725]], "row_prob": [[0.2998, 0.1829, 0.1141, 0.098, 0.0747, 0.0608, 0.0498, 0.0443, 0.0364, 0.0391], [0.1479, 0.1883, 0.1542, 0.1232, 0.1085, 0.081, 0.0672, 0.0607, 0.039, 0.03], [0.1038, 0.1483, 0.1518, 0.1376, 0.1201, 0.0974, 0.0871, 0.0696, 0.0496, 0.0347], [0.0733, 0.1188, 0.1426, 0.1473, 0.1254, 0.1079, 0.1005, 0.0861, 0.0563, 0.0417], [0.0643, 0.1034, 0.1024, 0.1308, 0.1488, 0.1211, 0.1071, 0.0976, 0.0757, 0.0487], [0.0591, 0.089, 0.0945, 0.1139, 0.1309, 0.1355, 0.1192, 0.1174, 0.0848, 0.0558], [0.0446, 0.0632, 0.0829, 0.1036, 0.1111, 0.1199, 0.149, 0.1375, 0.1113, 0.0769], [0.0406, 0.0581, 0.0697, 0.0751, 0.0931, 0.1136, 0.1281, 0.1616, 0.1463, 0.1138], [0.0376, 0.0515, 0.05, 0.0634, 0.079, 0.0845, 0.11, 0.136, 0.1953, 0.1928], [0.0291, 0.0285, 0.0328, 0.0363, 0.0442, 0.0589, 0.0636, 0.1064, 0.1666, 0.4336]], "new_flagged": [{"ticker": "CERT", "sector": "Health Care", "decile": 10, "prev_decile": 8}, {"ticker": "CRGY", "sector": "Energy", "decile": 9, "prev_decile": 8}, {"ticker": "DFIN", "sector": "Financials", "decile": 9, "prev_decile": 8}, {"ticker": "EPRT", "sector": "Real Estate", "decile": 9, "prev_decile": 8}, {"ticker": "INSP", "sector": "Health Care", "decile": 9, "prev_decile": 8}, {"ticker": "MAN", "sector": "Industrials", "decile": 9, "prev_decile": 8}, {"ticker": "NTST", "sector": "Real Estate", "decile": 9, "prev_decile": 8}, {"ticker": "RELY", "sector": "Financials", "decile": 9, "prev_decile": 8}, {"ticker": "RHI", "sector": "Industrials", "decile": 9, "prev_decile": 8}, {"ticker": "SCL", "sector": "Materials", "decile": 9, "prev_decile": 8}, {"ticker": "SEDG", "sector": "Information Technology", "decile": 9, "prev_decile": 8}, {"ticker": "WAY", "sector": "Health Care", "decile": 9, "prev_decile": 8}, {"ticker": "WHD", "sector": "Energy", "decile": 9, "prev_decile": 8}, {"ticker": "WT", "sector": "Financials", "decile": 9, "prev_decile": 7}, {"ticker": "CELH", "sector": "Consumer Staples", "decile": 9, "prev_decile": 8}, {"ticker": "CHWY", "sector": "Consumer Discretionary", "decile": 9, "prev_decile": 8}, {"ticker": "CYTK", "sector": "Health Care", "decile": 9, "prev_decile": 8}, {"ticker": "EEFT", "sector": "Financials", "decile": 9, "prev_decile": 8}, {"ticker": "EGP", "sector": "Real Estate", "decile": 9, "prev_decile": 8}, {"ticker": "HXL", "sector": "Industrials", "decile": 9, "prev_decile": 8}, {"ticker": "KD", "sector": "Information Technology", "decile": 9, "prev_decile": 8}, {"ticker": "LSCC", "sector": "Information Technology", "decile": 9, "prev_decile": 8}, {"ticker": "OLN", "sector": "Materials", "decile": 9, "prev_decile": 8}, {"ticker": "PVH", "sector": "Consumer Discretionary", "decile": 9, "prev_decile": 8}, {"ticker": "SARO", "sector": "Industrials", "decile": 9, "prev_decile": 8}], "exited": [{"ticker": "AESI", "sector": "Energy", "decile": 8, "prev_decile": 9}, {"ticker": "AIN", "sector": "Industrials", "decile": 8, "prev_decile": 9}, {"ticker": "ARR", "sector": "Real Estate", "decile": 8, "prev_decile": 9}, {"ticker": "ASH", "sector": "Materials", "decile": 8, "prev_decile": 10}, {"ticker": "BLFS", "sector": "Health Care", "decile": 8, "prev_decile": 9}, {"ticker": "CNH", "sector": "Industrials", "decile": 8, "prev_decile": 9}, {"ticker": "COKE", "sector": "Consumer Staples", "decile": 8, "prev_decile": 9}, {"ticker": "ENTG", "sector": "Information Technology", "decile": 8, "prev_decile": 9}, {"ticker": "FN", "sector": "Information Technology", "decile": 8, "prev_decile": 9}, {"ticker": "FORM", "sector": "Information Technology", "decile": 8, "prev_decile": 9}, {"ticker": "FWRD", "sector": "Industrials", "decile": 8, "prev_decile": 9}, {"ticker": "GSHD", "sector": "Financials", "decile": 8, "prev_decile": 9}, {"ticker": "HOPE", "sector": "Financials", "decile": 8, "prev_decile": 9}, {"ticker": "INDB", "sector": "Financials", "decile": 8, "prev_decile": 9}, {"ticker": "INVX", "sector": "Energy", "decile": 7, "prev_decile": 9}, {"ticker": "JEF", "sector": "Financials", "decile": 8, "prev_decile": 10}, {"ticker": "LNN", "sector": "Materials", "decile": 8, "prev_decile": 9}, {"ticker": "NEO", "sector": "Health Care", "decile": 8, "prev_decile": 9}, {"ticker": "OLLI", "sector": "Consumer Discretionary", "decile": 8, "prev_decile": 9}, {"ticker": "PK", "sector": "Real Estate", "decile": 7, "prev_decile": 9}, {"ticker": "PTGX", "sector": "Health Care", "decile": 8, "prev_decile": 9}, {"ticker": "RGEN", "sector": "Health Care", "decile": 8, "prev_decile": 9}, {"ticker": "SLG", "sector": "Real Estate", "decile": 8, "prev_decile": 9}, {"ticker": "SPXC", "sector": "Industrials", "decile": 8, "prev_decile": 9}, {"ticker": "TMHC", "sector": "Consumer Discretionary", "decile": 4, "prev_decile": 9}], "latest_date": "2026-07-13", "prev_date": "2026-06-30"}