{"n_deciles": 10, "n_date_pairs": 64, "counts": [[2777, 1296, 534, 293, 100, 90, 129, 136, 105, 108], [1229, 2073, 1231, 711, 231, 237, 282, 316, 229, 181], [536, 1136, 1227, 993, 362, 374, 440, 432, 308, 208], [314, 718, 886, 1674, 976, 535, 529, 480, 334, 210], [115, 233, 382, 969, 2517, 1071, 384, 286, 209, 106], [105, 240, 359, 528, 1101, 2188, 946, 539, 330, 192], [117, 304, 406, 506, 418, 963, 1440, 1020, 637, 333], [135, 303, 409, 465, 290, 560, 975, 1484, 1198, 709], [115, 219, 349, 339, 176, 327, 651, 1177, 1602, 1253], [125, 198, 233, 178, 101, 183, 368, 658, 1256, 3676]], "row_prob": [[0.4987, 0.2328, 0.0959, 0.0526, 0.018, 0.0162, 0.0232, 0.0244, 0.0189, 0.0194], [0.1829, 0.3085, 0.1832, 0.1058, 0.0344, 0.0353, 0.042, 0.047, 0.0341, 0.0269], [0.0891, 0.1888, 0.204, 0.1651, 0.0602, 0.0622, 0.0731, 0.0718, 0.0512, 0.0346], [0.0472, 0.1079, 0.1331, 0.2515, 0.1466, 0.0804, 0.0795, 0.0721, 0.0502, 0.0316], [0.0183, 0.0371, 0.0609, 0.1545, 0.4013, 0.1708, 0.0612, 0.0456, 0.0333, 0.0169], [0.0161, 0.0368, 0.055, 0.0809, 0.1687, 0.3352, 0.1449, 0.0826, 0.0506, 0.0294], [0.019, 0.0495, 0.0661, 0.0824, 0.068, 0.1567, 0.2344, 0.166, 0.1037, 0.0542], [0.0207, 0.0464, 0.0627, 0.0712, 0.0444, 0.0858, 0.1494, 0.2273, 0.1835, 0.1086], [0.0185, 0.0353, 0.0562, 0.0546, 0.0284, 0.0527, 0.1049, 0.1896, 0.2581, 0.2018], [0.0179, 0.0284, 0.0334, 0.0255, 0.0145, 0.0262, 0.0528, 0.0943, 0.18, 0.5269]], "new_flagged": [{"ticker": "BANC", "sector": "Financials", "decile": 10, "prev_decile": 8}, {"ticker": "ABM", "sector": "Industrials", "decile": 9, "prev_decile": 8}, {"ticker": "DBD", "sector": "Information Technology", "decile": 9, "prev_decile": 8}, {"ticker": "EXTR", "sector": "Information Technology", "decile": 9, "prev_decile": 8}, {"ticker": "LRN", "sector": "Consumer Discretionary", "decile": 9, "prev_decile": 8}, {"ticker": "LTC", "sector": "Real Estate", "decile": 9, "prev_decile": 8}, {"ticker": "MOH", "sector": "Health Care", "decile": 9, "prev_decile": 7}, {"ticker": "PFS", "sector": "Financials", "decile": 9, "prev_decile": 8}, {"ticker": "TNC", "sector": "Industrials", "decile": 9, "prev_decile": 8}, {"ticker": "VCTR", "sector": "Financials", "decile": 9, "prev_decile": 7}, {"ticker": "VTOL", "sector": "Energy", "decile": 9, "prev_decile": 8}, {"ticker": "WSR", "sector": "Real Estate", "decile": 9, "prev_decile": 6}, {"ticker": "ALV", "sector": "Consumer Discretionary", "decile": 9, "prev_decile": 8}, {"ticker": "CCK", "sector": "Materials", "decile": 9, "prev_decile": 8}, {"ticker": "CFR", "sector": "Financials", "decile": 9, "prev_decile": 8}, {"ticker": "EHC", "sector": "Health Care", "decile": 9, "prev_decile": 8}, {"ticker": "EPR", "sector": "Real Estate", "decile": 9, "prev_decile": 8}, {"ticker": "EXLS", "sector": "Industrials", "decile": 9, "prev_decile": 8}, {"ticker": "IBOC", "sector": "Financials", "decile": 9, "prev_decile": 8}, {"ticker": "MSM", "sector": "Industrials", "decile": 9, "prev_decile": 8}, {"ticker": "MZTI", "sector": "Consumer Staples", "decile": 9, "prev_decile": 8}, {"ticker": "PCTY", "sector": "Industrials", "decile": 9, "prev_decile": 8}, {"ticker": "RRC", "sector": "Energy", "decile": 9, "prev_decile": 8}, {"ticker": "STAG", "sector": "Real Estate", "decile": 9, "prev_decile": 7}], "exited": [{"ticker": "AZZ", "sector": "Industrials", "decile": 7, "prev_decile": 9}, {"ticker": "BNL", "sector": "Real Estate", "decile": 8, "prev_decile": 9}, {"ticker": "COLM", "sector": "Consumer Discretionary", "decile": 8, "prev_decile": 9}, {"ticker": "CSL", "sector": "Industrials", "decile": 8, "prev_decile": 9}, {"ticker": "DTM", "sector": "Energy", "decile": 8, "prev_decile": 9}, {"ticker": "EGP", "sector": "Real Estate", "decile": 8, "prev_decile": 10}, {"ticker": "FFIN", "sector": "Financials", "decile": 8, "prev_decile": 9}, {"ticker": "GOLF", "sector": "Consumer Discretionary", "decile": 8, "prev_decile": 9}, {"ticker": "GTY", "sector": "Real Estate", "decile": 8, "prev_decile": 9}, {"ticker": "HMN", "sector": "Financials", "decile": 8, "prev_decile": 9}, {"ticker": "KEX", "sector": "Industrials", "decile": 8, "prev_decile": 9}, {"ticker": "LAMR", "sector": "Real Estate", "decile": 6, "prev_decile": 9}, {"ticker": "MC", "sector": "Financials", "decile": 7, "prev_decile": 9}, {"ticker": "NEU", "sector": "Materials", "decile": 8, "prev_decile": 9}, {"ticker": "NPO", "sector": "Industrials", "decile": 8, "prev_decile": 9}, {"ticker": "NVST", "sector": "Health Care", "decile": 8, "prev_decile": 9}, {"ticker": "PB", "sector": "Financials", "decile": 8, "prev_decile": 9}, {"ticker": "PDFS", "sector": "Information Technology", "decile": 7, "prev_decile": 9}, {"ticker": "PJT", "sector": "Financials", "decile": 6, "prev_decile": 10}, {"ticker": "POST", "sector": "Consumer Staples", "decile": 8, "prev_decile": 9}, {"ticker": "POWI", "sector": "Information Technology", "decile": 8, "prev_decile": 9}, {"ticker": "PTGX", "sector": "Health Care", "decile": 8, "prev_decile": 9}, {"ticker": "TDW", "sector": "Energy", "decile": 8, "prev_decile": 9}, {"ticker": "WTS", "sector": "Industrials", "decile": 8, "prev_decile": 9}], "latest_date": "2026-07-10", "prev_date": "2026-06-30"}