{"n_deciles": 10, "n_date_pairs": 64, "counts": [[2743, 1320, 529, 319, 111, 75, 128, 136, 102, 105], [1209, 2008, 1225, 741, 277, 228, 275, 296, 211, 186], [549, 1162, 1226, 968, 404, 397, 434, 428, 310, 202], [330, 697, 916, 1580, 936, 535, 555, 494, 340, 209], [124, 258, 415, 944, 2437, 1096, 422, 311, 219, 110], [111, 238, 333, 520, 1157, 2180, 929, 503, 323, 170], [120, 295, 432, 501, 421, 979, 1392, 1017, 622, 365], [140, 298, 420, 485, 302, 504, 999, 1458, 1199, 723], [121, 207, 351, 348, 180, 290, 618, 1209, 1582, 1302], [121, 173, 233, 186, 111, 180, 392, 676, 1300, 3604]], "row_prob": [[0.4926, 0.2371, 0.095, 0.0573, 0.0199, 0.0135, 0.023, 0.0244, 0.0183, 0.0189], [0.1816, 0.3017, 0.184, 0.1113, 0.0416, 0.0343, 0.0413, 0.0445, 0.0317, 0.0279], [0.0903, 0.1911, 0.2016, 0.1592, 0.0664, 0.0653, 0.0714, 0.0704, 0.051, 0.0332], [0.0501, 0.1057, 0.139, 0.2397, 0.142, 0.0812, 0.0842, 0.0749, 0.0516, 0.0317], [0.0196, 0.0407, 0.0655, 0.149, 0.3846, 0.173, 0.0666, 0.0491, 0.0346, 0.0174], [0.0172, 0.0368, 0.0515, 0.0804, 0.179, 0.3373, 0.1437, 0.0778, 0.05, 0.0263], [0.0195, 0.048, 0.0703, 0.0815, 0.0685, 0.1593, 0.2266, 0.1655, 0.1012, 0.0594], [0.0214, 0.0456, 0.0643, 0.0743, 0.0463, 0.0772, 0.153, 0.2233, 0.1837, 0.1108], [0.0195, 0.0333, 0.0565, 0.0561, 0.029, 0.0467, 0.0995, 0.1947, 0.2548, 0.2097], [0.0173, 0.0248, 0.0334, 0.0267, 0.0159, 0.0258, 0.0562, 0.0969, 0.1864, 0.5166]], "new_flagged": [{"ticker": "REX", "sector": "Energy", "decile": 10, "prev_decile": 8}, {"ticker": "EPR", "sector": "Real Estate", "decile": 10, "prev_decile": 8}, {"ticker": "ABM", "sector": "Industrials", "decile": 9, "prev_decile": 8}, {"ticker": "ACIW", "sector": "Information Technology", "decile": 9, "prev_decile": 8}, {"ticker": "APLE", "sector": "Real Estate", "decile": 9, "prev_decile": 8}, {"ticker": "BXMT", "sector": "Financials", "decile": 9, "prev_decile": 8}, {"ticker": "COLL", "sector": "Health Care", "decile": 9, "prev_decile": 8}, {"ticker": "DORM", "sector": "Consumer Discretionary", "decile": 9, "prev_decile": 8}, {"ticker": "FELE", "sector": "Industrials", "decile": 9, "prev_decile": 8}, {"ticker": "FULT", "sector": "Financials", "decile": 9, "prev_decile": 8}, {"ticker": "GBX", "sector": "Industrials", "decile": 9, "prev_decile": 7}, {"ticker": "HFWA", "sector": "Health Care", "decile": 9, "prev_decile": 8}, {"ticker": "INDB", "sector": "Financials", "decile": 9, "prev_decile": 8}, {"ticker": "KFY", "sector": "Industrials", "decile": 9, "prev_decile": 8}, {"ticker": "PPLI", "sector": "Communication Services", "decile": 9, "prev_decile": 6}, {"ticker": "STRA", "sector": "Consumer Discretionary", "decile": 9, "prev_decile": 8}, {"ticker": "THRM", "sector": "Consumer Discretionary", "decile": 9, "prev_decile": 8}, {"ticker": "UPBD", "sector": "Consumer Discretionary", "decile": 9, "prev_decile": 8}, {"ticker": "URBN", "sector": "Consumer Discretionary", "decile": 9, "prev_decile": 8}, {"ticker": "UVV", "sector": "Consumer Staples", "decile": 9, "prev_decile": 8}, {"ticker": "HWC", "sector": "Financials", "decile": 9, "prev_decile": 8}, {"ticker": "ITT", "sector": "Industrials", "decile": 9, "prev_decile": 8}, {"ticker": "NBIX", "sector": "Health Care", "decile": 9, "prev_decile": 7}, {"ticker": "NOV", "sector": "Energy", "decile": 9, "prev_decile": 8}, {"ticker": "OGE", "sector": "Utilities", "decile": 9, "prev_decile": 8}, {"ticker": "REXR", "sector": "Real Estate", "decile": 9, "prev_decile": 8}, {"ticker": "SAIC", "sector": "Industrials", "decile": 9, "prev_decile": 7}, {"ticker": "UBSI", "sector": "Financials", "decile": 9, "prev_decile": 8}], "exited": [{"ticker": "AZZ", "sector": "Industrials", "decile": 7, "prev_decile": 9}, {"ticker": "CAKE", "sector": "Consumer Discretionary", "decile": 8, "prev_decile": 9}, {"ticker": "CBU", "sector": "Financials", "decile": 8, "prev_decile": 9}, {"ticker": "CNO", "sector": "Financials", "decile": 8, "prev_decile": 9}, {"ticker": "CVBF", "sector": "Financials", "decile": 8, "prev_decile": 9}, {"ticker": "DTM", "sector": "Energy", "decile": 8, "prev_decile": 9}, {"ticker": "EPAC", "sector": "Industrials", "decile": 7, "prev_decile": 10}, {"ticker": "GOLF", "sector": "Consumer Discretionary", "decile": 8, "prev_decile": 9}, {"ticker": "GTY", "sector": "Real Estate", "decile": 8, "prev_decile": 9}, {"ticker": "IDA", "sector": "Utilities", "decile": 8, "prev_decile": 9}, {"ticker": "IRT", "sector": "Real Estate", "decile": 8, "prev_decile": 9}, {"ticker": "JAZZ", "sector": "Health Care", "decile": 8, "prev_decile": 9}, {"ticker": "KEX", "sector": "Industrials", "decile": 8, "prev_decile": 9}, {"ticker": "KGS", "sector": "Energy", "decile": 7, "prev_decile": 10}, {"ticker": "LGND", "sector": "Health Care", "decile": 8, "prev_decile": 9}, {"ticker": "MTG", "sector": "Financials", "decile": 8, "prev_decile": 9}, {"ticker": "OSW", "sector": "Consumer Discretionary", "decile": 8, "prev_decile": 9}, {"ticker": "PDFS", "sector": "Information Technology", "decile": 8, "prev_decile": 9}, {"ticker": "PJT", "sector": "Financials", "decile": 7, "prev_decile": 9}, {"ticker": "PRKS", "sector": "Consumer Discretionary", "decile": 8, "prev_decile": 9}, {"ticker": "STAG", "sector": "Real Estate", "decile": 8, "prev_decile": 9}, {"ticker": "TDS", "sector": "Communication Services", "decile": 8, "prev_decile": 9}, {"ticker": "TR", "sector": "Consumer Staples", "decile": 8, "prev_decile": 9}, {"ticker": "UFPT", "sector": "Health Care", "decile": 8, "prev_decile": 9}, {"ticker": "ULS", "sector": "Industrials", "decile": 7, "prev_decile": 9}, {"ticker": "UNF", "sector": "Industrials", "decile": 8, "prev_decile": 9}, {"ticker": "WINA", "sector": "Consumer Discretionary", "decile": 8, "prev_decile": 9}, {"ticker": "ZWS", "sector": "Industrials", "decile": 8, "prev_decile": 9}], "latest_date": "2026-07-13", "prev_date": "2026-06-30"}