{"n_deciles": 10, "n_date_pairs": 64, "counts": [[2709, 1282, 604, 290, 110, 119, 147, 132, 118, 121], [1270, 1831, 1190, 615, 275, 279, 345, 351, 234, 202], [572, 1184, 1294, 900, 394, 418, 470, 412, 305, 195], [312, 662, 896, 1911, 989, 514, 445, 419, 250, 194], [149, 271, 423, 1035, 2564, 913, 391, 300, 174, 116], [117, 321, 429, 516, 1032, 1956, 817, 564, 321, 199], [125, 323, 430, 495, 372, 909, 1398, 1032, 681, 379], [143, 293, 403, 394, 314, 641, 1042, 1459, 1175, 728], [115, 223, 290, 262, 181, 318, 694, 1167, 1554, 1340], [120, 202, 185, 174, 105, 205, 395, 756, 1332, 3502]], "row_prob": [[0.481, 0.2276, 0.1072, 0.0515, 0.0195, 0.0211, 0.0261, 0.0234, 0.021, 0.0215], [0.1927, 0.2778, 0.1805, 0.0933, 0.0417, 0.0423, 0.0523, 0.0532, 0.0355, 0.0306], [0.0931, 0.1927, 0.2106, 0.1465, 0.0641, 0.068, 0.0765, 0.0671, 0.0496, 0.0317], [0.0473, 0.1004, 0.1359, 0.2899, 0.15, 0.078, 0.0675, 0.0636, 0.0379, 0.0294], [0.0235, 0.0428, 0.0668, 0.1634, 0.4047, 0.1441, 0.0617, 0.0473, 0.0275, 0.0183], [0.0187, 0.0512, 0.0684, 0.0823, 0.1645, 0.3119, 0.1303, 0.0899, 0.0512, 0.0317], [0.0203, 0.0526, 0.07, 0.0806, 0.0605, 0.1479, 0.2275, 0.168, 0.1108, 0.0617], [0.0217, 0.0444, 0.0611, 0.0598, 0.0476, 0.0972, 0.1581, 0.2213, 0.1782, 0.1104], [0.0187, 0.0363, 0.0472, 0.0426, 0.0295, 0.0518, 0.113, 0.1899, 0.2529, 0.2181], [0.0172, 0.029, 0.0265, 0.0249, 0.0151, 0.0294, 0.0566, 0.1084, 0.1909, 0.502]], "new_flagged": [{"ticker": "ABM", "sector": "Industrials", "decile": 10, "prev_decile": 6}, {"ticker": "CWT", "sector": "Utilities", "decile": 10, "prev_decile": 6}, {"ticker": "HLX", "sector": "Energy", "decile": 10, "prev_decile": 7}, {"ticker": "IIPR", "sector": "Real Estate", "decile": 10, "prev_decile": 5}, {"ticker": "IOSP", "sector": "Materials", "decile": 10, "prev_decile": 8}, {"ticker": "PAYC", "sector": "Industrials", "decile": 10, "prev_decile": 8}, {"ticker": "PAYO", "sector": "Financials", "decile": 10, "prev_decile": 1}, {"ticker": "REX", "sector": "Energy", "decile": 10, "prev_decile": 8}, {"ticker": "SKYW", "sector": "Industrials", "decile": 10, "prev_decile": 7}, {"ticker": "UVV", "sector": "Consumer Staples", "decile": 10, "prev_decile": 8}, {"ticker": "BMRN", "sector": "Health Care", "decile": 10, "prev_decile": 8}, {"ticker": "MUSA", "sector": "Consumer Discretionary", "decile": 10, "prev_decile": 7}, {"ticker": "NEU", "sector": "Materials", "decile": 10, "prev_decile": 8}, {"ticker": "RYN", "sector": "Real Estate", "decile": 10, "prev_decile": 4}, {"ticker": "ADUS", "sector": "Health Care", "decile": 9, "prev_decile": 8}, {"ticker": "ALKS", "sector": "Health Care", "decile": 9, "prev_decile": 8}, {"ticker": "ATMU", "sector": "Industrials", "decile": 9, "prev_decile": 8}, {"ticker": "AWI", "sector": "Industrials", "decile": 9, "prev_decile": 8}, {"ticker": "AX", "sector": "Financials", "decile": 9, "prev_decile": 8}, {"ticker": "COCO", "sector": "Consumer Staples", "decile": 9, "prev_decile": 7}, {"ticker": "CURB", "sector": "Real Estate", "decile": 9, "prev_decile": 8}, {"ticker": "EMN", "sector": "Materials", "decile": 9, "prev_decile": 8}, {"ticker": "FULT", "sector": "Financials", "decile": 9, "prev_decile": 8}, {"ticker": "HOPE", "sector": "Financials", "decile": 9, "prev_decile": 8}, {"ticker": "KFY", "sector": "Industrials", "decile": 9, "prev_decile": 7}, {"ticker": "NPK", "sector": "Industrials", "decile": 9, "prev_decile": 8}, {"ticker": "PLUS", "sector": "Information Technology", "decile": 9, "prev_decile": 8}, {"ticker": "PRKS", "sector": "Consumer Discretionary", "decile": 9, "prev_decile": 8}, {"ticker": "PTGX", "sector": "Health Care", "decile": 9, "prev_decile": 8}, {"ticker": "RNG", "sector": "Information Technology", "decile": 9, "prev_decile": 8}, {"ticker": "RNST", "sector": "Financials", "decile": 9, "prev_decile": 8}, {"ticker": "SFBS", "sector": "Financials", "decile": 9, "prev_decile": 8}, {"ticker": "SKT", "sector": "Real Estate", "decile": 9, "prev_decile": 4}, {"ticker": "THRM", "sector": "Consumer Discretionary", "decile": 9, "prev_decile": 7}, {"ticker": "VTOL", "sector": "Energy", "decile": 9, "prev_decile": 8}, {"ticker": "APPF", "sector": "Information Technology", "decile": 9, "prev_decile": 7}, {"ticker": "BAH", "sector": "Industrials", "decile": 9, "prev_decile": 8}, {"ticker": "BJ", "sector": "Consumer Staples", "decile": 9, "prev_decile": 8}, {"ticker": "BURL", "sector": "Consumer Discretionary", "decile": 9, "prev_decile": 7}, {"ticker": "CNX", "sector": "Energy", "decile": 9, "prev_decile": 8}, {"ticker": "CUBE", "sector": "Real Estate", "decile": 9, "prev_decile": 7}, {"ticker": "EPR", "sector": "Real Estate", "decile": 9, "prev_decile": 8}, {"ticker": "EXPO", "sector": "Industrials", "decile": 9, "prev_decile": 8}, {"ticker": "FCFS", "sector": "Financials", "decile": 9, "prev_decile": 7}, {"ticker": "GLPI", "sector": "Real Estate", "decile": 9, "prev_decile": 8}, {"ticker": "HXL", "sector": "Industrials", "decile": 9, "prev_decile": 7}, {"ticker": "JAZZ", "sector": "Health Care", "decile": 9, "prev_decile": 8}, {"ticker": "LSTR", "sector": "Industrials", "decile": 9, "prev_decile": 8}, {"ticker": "NBIX", "sector": "Health Care", "decile": 9, "prev_decile": 8}, {"ticker": "PVH", "sector": "Consumer Discretionary", "decile": 9, "prev_decile": 6}, {"ticker": "RS", "sector": "Materials", "decile": 9, "prev_decile": 7}, {"ticker": "UGI", "sector": "Utilities", "decile": 9, "prev_decile": 8}], "exited": [{"ticker": "ACLS", "sector": "Information Technology", "decile": 6, "prev_decile": 9}, {"ticker": "ADEA", "sector": "Information Technology", "decile": 7, "prev_decile": 9}, {"ticker": "ASTH", "sector": "Health Care", "decile": 6, "prev_decile": 9}, {"ticker": "ATR", "sector": "Materials", "decile": 8, "prev_decile": 9}, {"ticker": "AXTA", "sector": "Materials", "decile": 8, "prev_decile": 10}, {"ticker": "CGNX", "sector": "Information Technology", "decile": 8, "prev_decile": 9}, {"ticker": "DTM", "sector": "Energy", "decile": 8, "prev_decile": 10}, {"ticker": "EGP", "sector": "Real Estate", "decile": 7, "prev_decile": 10}, {"ticker": "EPAC", "sector": "Industrials", "decile": 6, "prev_decile": 10}, {"ticker": "EPRT", "sector": "Real Estate", "decile": 7, "prev_decile": 9}, {"ticker": "FA", "sector": "Industrials", "decile": 8, "prev_decile": 9}, {"ticker": "FCPT", "sector": "Real Estate", "decile": 7, "prev_decile": 10}, {"ticker": "FFBC", "sector": "Financials", "decile": 7, "prev_decile": 9}, {"ticker": "GHC", "sector": "Consumer Discretionary", "decile": 8, "prev_decile": 9}, {"ticker": "GRBK", "sector": "Consumer Discretionary", "decile": 8, "prev_decile": 9}, {"ticker": "GTY", "sector": "Real Estate", "decile": 5, "prev_decile": 9}, {"ticker": "HAYW", "sector": "Industrials", "decile": 7, "prev_decile": 9}, {"ticker": "IDA", "sector": "Utilities", "decile": 8, "prev_decile": 10}, {"ticker": "IRT", "sector": "Real Estate", "decile": 8, "prev_decile": 9}, {"ticker": "KGS", "sector": "Energy", "decile": 5, "prev_decile": 9}, {"ticker": "KNTK", "sector": "Energy", "decile": 8, "prev_decile": 9}, {"ticker": "LIVN", "sector": "Health Care", "decile": 8, "prev_decile": 9}, {"ticker": "LNN", "sector": "Materials", "decile": 8, "prev_decile": 9}, {"ticker": "MSEX", "sector": "Utilities", "decile": 5, "prev_decile": 9}, {"ticker": "MWA", "sector": "Industrials", "decile": 8, "prev_decile": 9}, {"ticker": "NNN", "sector": "Real Estate", "decile": 8, "prev_decile": 9}, {"ticker": "NPO", "sector": "Industrials", "decile": 6, "prev_decile": 10}, {"ticker": "PAG", "sector": "Consumer Discretionary", "decile": 7, "prev_decile": 9}, {"ticker": "PB", "sector": "Financials", "decile": 8, "prev_decile": 10}, {"ticker": "PEN", "sector": "Health Care", "decile": 7, "prev_decile": 9}, {"ticker": "PIPR", "sector": "Financials", "decile": 8, "prev_decile": 9}, {"ticker": "POST", "sector": "Consumer Staples", "decile": 8, "prev_decile": 10}, {"ticker": "POWL", "sector": "Industrials", "decile": 7, "prev_decile": 9}, {"ticker": "PSMT", "sector": "Consumer Staples", "decile": 8, "prev_decile": 9}, {"ticker": "SPXC", "sector": "Industrials", "decile": 7, "prev_decile": 9}, {"ticker": "STAG", "sector": "Real Estate", "decile": 3, "prev_decile": 9}, {"ticker": "SXI", "sector": "Industrials", "decile": 6, "prev_decile": 9}, {"ticker": "SXT", "sector": "Materials", "decile": 8, "prev_decile": 9}, {"ticker": "UFPT", "sector": "Health Care", "decile": 7, "prev_decile": 10}, {"ticker": "UTHR", "sector": "Health Care", "decile": 8, "prev_decile": 10}, {"ticker": "VCTR", "sector": "Financials", "decile": 8, "prev_decile": 9}, {"ticker": "VCYT", "sector": "Health Care", "decile": 8, "prev_decile": 9}, {"ticker": "VMI", "sector": "Industrials", "decile": 8, "prev_decile": 9}, {"ticker": "WAFD", "sector": "Financials", "decile": 8, "prev_decile": 9}, {"ticker": "WDFC", "sector": "Consumer Staples", "decile": 8, "prev_decile": 9}, {"ticker": "WH", "sector": "Consumer Discretionary", "decile": 8, "prev_decile": 9}, {"ticker": "WINA", "sector": "Consumer Discretionary", "decile": 8, "prev_decile": 9}, {"ticker": "WKC", "sector": "Energy", "decile": 7, "prev_decile": 9}, {"ticker": "WRLD", "sector": "Financials", "decile": 6, "prev_decile": 10}, {"ticker": "WTS", "sector": "Industrials", "decile": 8, "prev_decile": 9}, {"ticker": "WU", "sector": "Financials", "decile": 6, "prev_decile": 9}, {"ticker": "WWD", "sector": "Industrials", "decile": 8, "prev_decile": 9}], "latest_date": "2026-07-17", "prev_date": "2026-06-30"}