{"n_deciles": 10, "n_date_pairs": 66, "counts": [[2009, 1024, 538, 341, 251, 189, 138, 127, 119, 121], [991, 1587, 1055, 713, 451, 282, 192, 130, 113, 98], [499, 1071, 1211, 883, 685, 413, 267, 176, 137, 87], [331, 684, 937, 1117, 939, 652, 432, 291, 151, 110], [252, 435, 644, 929, 1068, 876, 669, 438, 244, 142], [155, 266, 385, 669, 907, 1058, 806, 634, 340, 183], [145, 200, 267, 470, 611, 839, 1098, 915, 573, 306], [157, 156, 187, 254, 394, 609, 986, 1367, 992, 547], [144, 109, 128, 188, 239, 304, 554, 1044, 1527, 1156], [161, 101, 95, 112, 162, 200, 296, 540, 1182, 3373]], "row_prob": [[0.4136, 0.2108, 0.1108, 0.0702, 0.0517, 0.0389, 0.0284, 0.0261, 0.0245, 0.0249], [0.1766, 0.2828, 0.188, 0.127, 0.0804, 0.0502, 0.0342, 0.0232, 0.0201, 0.0175], [0.0919, 0.1973, 0.2231, 0.1626, 0.1262, 0.0761, 0.0492, 0.0324, 0.0252, 0.016], [0.0586, 0.1212, 0.166, 0.1979, 0.1664, 0.1155, 0.0765, 0.0516, 0.0268, 0.0195], [0.0442, 0.0764, 0.113, 0.1631, 0.1875, 0.1538, 0.1174, 0.0769, 0.0428, 0.0249], [0.0287, 0.0492, 0.0713, 0.1238, 0.1679, 0.1958, 0.1492, 0.1173, 0.0629, 0.0339], [0.0267, 0.0369, 0.0492, 0.0867, 0.1126, 0.1547, 0.2024, 0.1687, 0.1056, 0.0564], [0.0278, 0.0276, 0.0331, 0.045, 0.0697, 0.1078, 0.1745, 0.242, 0.1756, 0.0968], [0.0267, 0.0202, 0.0237, 0.0349, 0.0443, 0.0564, 0.1027, 0.1936, 0.2831, 0.2144], [0.0259, 0.0162, 0.0153, 0.018, 0.026, 0.0321, 0.0476, 0.0868, 0.19, 0.5421]], "new_flagged": [{"ticker": "MGEE", "sector": "Utilities", "decile": 10, "prev_decile": 7}, {"ticker": "RWT", "sector": "Real Estate", "decile": 10, "prev_decile": 7}, {"ticker": "ABR", "sector": "Financials", "decile": 9, "prev_decile": 8}, {"ticker": "CVI", "sector": "Energy", "decile": 9, "prev_decile": 6}, {"ticker": "ENOV", "sector": "Health Care", "decile": 9, "prev_decile": 7}, {"ticker": "EVTC", "sector": "Financials", "decile": 9, "prev_decile": 8}, {"ticker": "GOGO", "sector": "Communication Services", "decile": 9, "prev_decile": 8}, {"ticker": "MAN", "sector": "Industrials", "decile": 9, "prev_decile": 8}, {"ticker": "PENG", "sector": "Information Technology", "decile": 9, "prev_decile": 7}, {"ticker": "PRIM", "sector": "Industrials", "decile": 9, "prev_decile": 8}, {"ticker": "SHAK", "sector": "Consumer Discretionary", "decile": 9, "prev_decile": 8}, {"ticker": "SM", "sector": "Energy", "decile": 9, "prev_decile": 8}, {"ticker": "UNFI", "sector": "Consumer Staples", "decile": 9, "prev_decile": 8}, {"ticker": "VSAT", "sector": "Information Technology", "decile": 9, "prev_decile": 8}, {"ticker": "WAY", "sector": "Health Care", "decile": 9, "prev_decile": 8}, {"ticker": "WT", "sector": "Financials", "decile": 9, "prev_decile": 8}, {"ticker": "WWW", "sector": "Consumer Discretionary", "decile": 9, "prev_decile": 8}, {"ticker": "CXT", "sector": "Information Technology", "decile": 9, "prev_decile": 8}, {"ticker": "IRT", "sector": "Real Estate", "decile": 9, "prev_decile": 8}, {"ticker": "KD", "sector": "Information Technology", "decile": 9, "prev_decile": 6}, {"ticker": "MTN", "sector": "Consumer Discretionary", "decile": 9, "prev_decile": 7}, {"ticker": "MTZ", "sector": "Industrials", "decile": 9, "prev_decile": 8}, {"ticker": "NXT", "sector": "Industrials", "decile": 9, "prev_decile": 7}, {"ticker": "PNFP", "sector": "Financials", "decile": 9, "prev_decile": 8}, {"ticker": "RGLD", "sector": "Materials", "decile": 9, "prev_decile": 8}, {"ticker": "WEX", "sector": "Financials", "decile": 9, "prev_decile": 8}], "exited": [{"ticker": "AIN", "sector": "Industrials", "decile": 8, "prev_decile": 9}, {"ticker": "AIR", "sector": "Industrials", "decile": 8, "prev_decile": 9}, {"ticker": "ASH", "sector": "Materials", "decile": 8, "prev_decile": 9}, {"ticker": "BTU", "sector": "Energy", "decile": 7, "prev_decile": 9}, {"ticker": "COHU", "sector": "Information Technology", "decile": 8, "prev_decile": 9}, {"ticker": "CR", "sector": "Industrials", "decile": 8, "prev_decile": 9}, {"ticker": "CWT", "sector": "Utilities", "decile": 8, "prev_decile": 9}, {"ticker": "EGBN", "sector": "Financials", "decile": 8, "prev_decile": 9}, {"ticker": "FN", "sector": "Information Technology", "decile": 8, "prev_decile": 9}, {"ticker": "FRPT", "sector": "Consumer Staples", "decile": 8, "prev_decile": 9}, {"ticker": "IART", "sector": "Health Care", "decile": 7, "prev_decile": 9}, {"ticker": "INVX", "sector": "Energy", "decile": 8, "prev_decile": 10}, {"ticker": "JEF", "sector": "Financials", "decile": 8, "prev_decile": 10}, {"ticker": "MIDD", "sector": "Industrials", "decile": 8, "prev_decile": 9}, {"ticker": "MTCH", "sector": "Communication Services", "decile": 8, "prev_decile": 9}, {"ticker": "NLY", "sector": "Financials", "decile": 8, "prev_decile": 9}, {"ticker": "PAYO", "sector": "Financials", "decile": 8, "prev_decile": 10}, {"ticker": "PENN", "sector": "Consumer Discretionary", "decile": 8, "prev_decile": 9}, {"ticker": "PRGO", "sector": "Health Care", "decile": 8, "prev_decile": 9}, {"ticker": "SBCF", "sector": "Financials", "decile": 8, "prev_decile": 9}, {"ticker": "SKT", "sector": "Real Estate", "decile": 4, "prev_decile": 9}, {"ticker": "SMTC", "sector": "Information Technology", "decile": 8, "prev_decile": 9}, {"ticker": "TMHC", "sector": "Consumer Discretionary", "decile": 5, "prev_decile": 9}, {"ticker": "VECO", "sector": "Information Technology", "decile": 8, "prev_decile": 9}, {"ticker": "VNO", "sector": "Real Estate", "decile": 7, "prev_decile": 9}, {"ticker": "VSXY", "sector": "Consumer Discretionary", "decile": 6, "prev_decile": 9}], "latest_date": "2026-07-10", "prev_date": "2026-06-30"}