{"n_deciles": 10, "n_date_pairs": 64, "counts": [[2545, 1320, 601, 367, 108, 102, 155, 153, 117, 100], [1245, 1826, 1215, 724, 267, 260, 321, 332, 269, 197], [620, 1117, 1184, 936, 340, 379, 461, 480, 327, 236], [320, 728, 898, 1504, 956, 549, 542, 543, 323, 229], [126, 292, 387, 909, 2591, 1000, 405, 318, 179, 129], [127, 280, 341, 521, 1066, 2194, 865, 533, 356, 181], [142, 352, 431, 531, 405, 875, 1353, 958, 699, 398], [200, 326, 465, 522, 293, 532, 957, 1316, 1147, 770], [113, 230, 328, 339, 177, 358, 660, 1158, 1521, 1324], [130, 185, 230, 239, 133, 215, 425, 737, 1270, 3412]], "row_prob": [[0.4571, 0.2371, 0.1079, 0.0659, 0.0194, 0.0183, 0.0278, 0.0275, 0.021, 0.018], [0.187, 0.2743, 0.1825, 0.1088, 0.0401, 0.0391, 0.0482, 0.0499, 0.0404, 0.0296], [0.102, 0.1837, 0.1947, 0.1539, 0.0559, 0.0623, 0.0758, 0.0789, 0.0538, 0.0388], [0.0485, 0.1104, 0.1362, 0.2282, 0.145, 0.0833, 0.0822, 0.0824, 0.049, 0.0347], [0.0199, 0.0461, 0.0611, 0.1435, 0.4089, 0.1578, 0.0639, 0.0502, 0.0283, 0.0204], [0.0196, 0.0433, 0.0528, 0.0806, 0.1649, 0.3394, 0.1338, 0.0825, 0.0551, 0.028], [0.0231, 0.0573, 0.0701, 0.0864, 0.0659, 0.1424, 0.2202, 0.1559, 0.1138, 0.0648], [0.0306, 0.0499, 0.0712, 0.08, 0.0449, 0.0815, 0.1466, 0.2016, 0.1757, 0.118], [0.0182, 0.037, 0.0528, 0.0546, 0.0285, 0.0577, 0.1063, 0.1865, 0.245, 0.2133], [0.0186, 0.0265, 0.033, 0.0343, 0.0191, 0.0308, 0.0609, 0.1056, 0.1821, 0.4891]], "new_flagged": [{"ticker": "ARR", "sector": "Real Estate", "decile": 9, "prev_decile": 8}, {"ticker": "BANF", "sector": "Financials", "decile": 9, "prev_decile": 8}, {"ticker": "CARG", "sector": "Communication Services", "decile": 9, "prev_decile": 8}, {"ticker": "CXM", "sector": "Information Technology", "decile": 9, "prev_decile": 8}, {"ticker": "DORM", "sector": "Consumer Discretionary", "decile": 9, "prev_decile": 8}, {"ticker": "GBX", "sector": "Industrials", "decile": 9, "prev_decile": 7}, {"ticker": "HFWA", "sector": "Health Care", "decile": 9, "prev_decile": 8}, {"ticker": "HOPE", "sector": "Financials", "decile": 9, "prev_decile": 8}, {"ticker": "KFY", "sector": "Industrials", "decile": 9, "prev_decile": 8}, {"ticker": "LYFT", "sector": "Industrials", "decile": 9, "prev_decile": 8}, {"ticker": "LZ", "sector": "Industrials", "decile": 9, "prev_decile": 7}, {"ticker": "PPLI", "sector": "Communication Services", "decile": 9, "prev_decile": 5}, {"ticker": "RAMP", "sector": "Information Technology", "decile": 9, "prev_decile": 8}, {"ticker": "REX", "sector": "Energy", "decile": 9, "prev_decile": 8}, {"ticker": "SKT", "sector": "Real Estate", "decile": 9, "prev_decile": 8}, {"ticker": "SPSC", "sector": "Information Technology", "decile": 9, "prev_decile": 8}, {"ticker": "THRM", "sector": "Consumer Discretionary", "decile": 9, "prev_decile": 8}, {"ticker": "BSY", "sector": "Information Technology", "decile": 9, "prev_decile": 8}, {"ticker": "CW", "sector": "Industrials", "decile": 9, "prev_decile": 8}, {"ticker": "EPR", "sector": "Real Estate", "decile": 9, "prev_decile": 7}, {"ticker": "EVR", "sector": "Financials", "decile": 9, "prev_decile": 8}, {"ticker": "ITT", "sector": "Industrials", "decile": 9, "prev_decile": 8}, {"ticker": "REXR", "sector": "Real Estate", "decile": 9, "prev_decile": 8}, {"ticker": "SN", "sector": "Consumer Discretionary", "decile": 9, "prev_decile": 8}, {"ticker": "TXRH", "sector": "Consumer Discretionary", "decile": 9, "prev_decile": 8}, {"ticker": "UGI", "sector": "Utilities", "decile": 9, "prev_decile": 8}], "exited": [{"ticker": "AZZ", "sector": "Industrials", "decile": 8, "prev_decile": 9}, {"ticker": "CALX", "sector": "Information Technology", "decile": 8, "prev_decile": 9}, {"ticker": "CNK", "sector": "Communication Services", "decile": 6, "prev_decile": 9}, {"ticker": "CNO", "sector": "Financials", "decile": 8, "prev_decile": 9}, {"ticker": "CWST", "sector": "Industrials", "decile": 8, "prev_decile": 9}, {"ticker": "ELS", "sector": "Real Estate", "decile": 7, "prev_decile": 9}, {"ticker": "EPAC", "sector": "Industrials", "decile": 8, "prev_decile": 10}, {"ticker": "GNTX", "sector": "Consumer Discretionary", "decile": 8, "prev_decile": 9}, {"ticker": "HMN", "sector": "Financials", "decile": 7, "prev_decile": 9}, {"ticker": "IDA", "sector": "Utilities", "decile": 8, "prev_decile": 9}, {"ticker": "KEX", "sector": "Industrials", "decile": 8, "prev_decile": 9}, {"ticker": "KRG", "sector": "Real Estate", "decile": 8, "prev_decile": 9}, {"ticker": "LGND", "sector": "Health Care", "decile": 8, "prev_decile": 9}, {"ticker": "NOVT", "sector": "Information Technology", "decile": 8, "prev_decile": 9}, {"ticker": "OII", "sector": "Energy", "decile": 8, "prev_decile": 9}, {"ticker": "OSW", "sector": "Consumer Discretionary", "decile": 8, "prev_decile": 9}, {"ticker": "PDFS", "sector": "Information Technology", "decile": 8, "prev_decile": 9}, {"ticker": "PECO", "sector": "Real Estate", "decile": 8, "prev_decile": 9}, {"ticker": "PJT", "sector": "Financials", "decile": 8, "prev_decile": 10}, {"ticker": "RHP", "sector": "Real Estate", "decile": 8, "prev_decile": 9}, {"ticker": "SPXC", "sector": "Industrials", "decile": 8, "prev_decile": 9}, {"ticker": "VVV", "sector": "Consumer Discretionary", "decile": 8, "prev_decile": 9}, {"ticker": "WINA", "sector": "Consumer Discretionary", "decile": 8, "prev_decile": 9}, {"ticker": "WLY", "sector": "Communication Services", "decile": 7, "prev_decile": 9}, {"ticker": "YOU", "sector": "Information Technology", "decile": 8, "prev_decile": 9}, {"ticker": "ZWS", "sector": "Industrials", "decile": 8, "prev_decile": 9}], "latest_date": "2026-07-13", "prev_date": "2026-06-30"}