{"n_deciles": 10, "n_date_pairs": 64, "counts": [[257, 134, 52, 22, 9, 1, 7, 9, 10, 11], [122, 526, 168, 149, 43, 37, 35, 55, 34, 47], [65, 151, 221, 141, 100, 61, 48, 51, 34, 24], [19, 135, 135, 356, 183, 114, 106, 87, 47, 34], [6, 61, 95, 164, 404, 138, 126, 79, 49, 30], [5, 42, 44, 108, 149, 276, 126, 116, 52, 42], [6, 41, 51, 89, 120, 141, 261, 135, 112, 68], [9, 46, 58, 83, 80, 109, 136, 253, 160, 154], [8, 42, 51, 50, 45, 48, 113, 139, 286, 242], [15, 38, 21, 54, 19, 35, 66, 164, 240, 820]], "row_prob": [[0.502, 0.2617, 0.1016, 0.043, 0.0176, 0.002, 0.0137, 0.0176, 0.0195, 0.0215], [0.1003, 0.4326, 0.1382, 0.1225, 0.0354, 0.0304, 0.0288, 0.0452, 0.028, 0.0387], [0.0725, 0.1685, 0.2467, 0.1574, 0.1116, 0.0681, 0.0536, 0.0569, 0.0379, 0.0268], [0.0156, 0.111, 0.111, 0.2928, 0.1505, 0.0938, 0.0872, 0.0715, 0.0387, 0.028], [0.0052, 0.053, 0.0825, 0.1424, 0.3507, 0.1198, 0.1094, 0.0686, 0.0425, 0.026], [0.0052, 0.0438, 0.0458, 0.1125, 0.1552, 0.2875, 0.1312, 0.1208, 0.0542, 0.0438], [0.0059, 0.04, 0.0498, 0.0869, 0.1172, 0.1377, 0.2549, 0.1318, 0.1094, 0.0664], [0.0083, 0.0423, 0.0533, 0.0763, 0.0735, 0.1002, 0.125, 0.2325, 0.1471, 0.1415], [0.0078, 0.041, 0.0498, 0.0488, 0.0439, 0.0469, 0.1104, 0.1357, 0.2793, 0.2363], [0.0102, 0.0258, 0.0143, 0.0367, 0.0129, 0.0238, 0.0448, 0.1114, 0.163, 0.5571]], "new_flagged": [{"ticker": "ADUS", "sector": "Health Care", "decile": 10, "prev_decile": 6}, {"ticker": "BRX", "sector": "Real Estate", "decile": 10, "prev_decile": 8}, {"ticker": "ADMA", "sector": "Health Care", "decile": 9, "prev_decile": 8}, {"ticker": "APLE", "sector": "Real Estate", "decile": 9, "prev_decile": 8}, {"ticker": "CNXN", "sector": "Information Technology", "decile": 9, "prev_decile": 8}, {"ticker": "SBCF", "sector": "Financials", "decile": 9, "prev_decile": 8}, {"ticker": "BCO", "sector": "Industrials", "decile": 9, "prev_decile": 8}, {"ticker": "PRI", "sector": "Financials", "decile": 9, "prev_decile": 8}], "exited": [{"ticker": "ACLS", "sector": "Information Technology", "decile": 5, "prev_decile": 9}, {"ticker": "ADC", "sector": "Real Estate", "decile": 4, "prev_decile": 10}, {"ticker": "ALKS", "sector": "Health Care", "decile": 8, "prev_decile": 9}, {"ticker": "APAM", "sector": "Financials", "decile": 7, "prev_decile": 9}, {"ticker": "ASB", "sector": "Financials", "decile": 8, "prev_decile": 9}, {"ticker": "BFS", "sector": "Real Estate", "decile": 8, "prev_decile": 9}, {"ticker": "STRL", "sector": "Industrials", "decile": 8, "prev_decile": 9}, {"ticker": "UFPT", "sector": "Health Care", "decile": 7, "prev_decile": 10}], "latest_date": "2026-07-17", "prev_date": "2026-06-30"}