{"n_deciles": 10, "n_date_pairs": 64, "counts": [[2905, 1282, 540, 276, 75, 88, 108, 110, 96, 88], [1239, 1969, 1170, 683, 234, 308, 334, 335, 210, 174], [527, 1121, 1315, 882, 385, 458, 506, 422, 258, 206], [279, 649, 849, 1966, 966, 522, 483, 421, 288, 169], [119, 298, 352, 989, 2757, 904, 358, 304, 152, 103], [111, 303, 434, 502, 1003, 2016, 849, 616, 381, 249], [105, 314, 494, 472, 348, 963, 1303, 987, 745, 413], [116, 305, 428, 404, 285, 596, 1042, 1353, 1202, 797], [89, 226, 295, 257, 174, 364, 702, 1200, 1535, 1366], [78, 189, 203, 161, 109, 245, 459, 780, 1341, 3411]], "row_prob": [[0.5217, 0.2302, 0.097, 0.0496, 0.0135, 0.0158, 0.0194, 0.0198, 0.0172, 0.0158], [0.1861, 0.2958, 0.1758, 0.1026, 0.0352, 0.0463, 0.0502, 0.0503, 0.0316, 0.0261], [0.0867, 0.1844, 0.2163, 0.1451, 0.0633, 0.0753, 0.0832, 0.0694, 0.0424, 0.0339], [0.0423, 0.0985, 0.1288, 0.2982, 0.1465, 0.0792, 0.0733, 0.0639, 0.0437, 0.0256], [0.0188, 0.047, 0.0556, 0.1561, 0.4351, 0.1427, 0.0565, 0.048, 0.024, 0.0163], [0.0172, 0.0469, 0.0671, 0.0777, 0.1552, 0.3119, 0.1313, 0.0953, 0.0589, 0.0385], [0.0171, 0.0511, 0.0804, 0.0768, 0.0566, 0.1567, 0.2121, 0.1606, 0.1213, 0.0672], [0.0178, 0.0467, 0.0656, 0.0619, 0.0437, 0.0913, 0.1596, 0.2073, 0.1841, 0.1221], [0.0143, 0.0364, 0.0475, 0.0414, 0.028, 0.0586, 0.1131, 0.1933, 0.2473, 0.22], [0.0112, 0.0271, 0.0291, 0.0231, 0.0156, 0.0351, 0.0658, 0.1118, 0.1922, 0.489]], "new_flagged": [{"ticker": "CXM", "sector": "Information Technology", "decile": 10, "prev_decile": 8}, {"ticker": "RUSHA", "sector": "Industrials", "decile": 10, "prev_decile": 8}, {"ticker": "EXPO", "sector": "Industrials", "decile": 10, "prev_decile": 8}, {"ticker": "TXRH", "sector": "Consumer Discretionary", "decile": 10, "prev_decile": 8}, {"ticker": "ALG", "sector": "Industrials", "decile": 9, "prev_decile": 8}, {"ticker": "ALKS", "sector": "Health Care", "decile": 9, "prev_decile": 8}, {"ticker": "CSW", "sector": "Industrials", "decile": 9, "prev_decile": 8}, {"ticker": "EMN", "sector": "Materials", "decile": 9, "prev_decile": 8}, {"ticker": "FBK", "sector": "Financials", "decile": 9, "prev_decile": 8}, {"ticker": "FBNC", "sector": "Financials", "decile": 9, "prev_decile": 8}, {"ticker": "ITGR", "sector": "Health Care", "decile": 9, "prev_decile": 8}, {"ticker": "LTC", "sector": "Real Estate", "decile": 9, "prev_decile": 7}, {"ticker": "MTCH", "sector": "Communication Services", "decile": 9, "prev_decile": 8}, {"ticker": "SKT", "sector": "Real Estate", "decile": 9, "prev_decile": 6}, {"ticker": "SKYW", "sector": "Industrials", "decile": 9, "prev_decile": 8}, {"ticker": "SPSC", "sector": "Information Technology", "decile": 9, "prev_decile": 8}, {"ticker": "THRM", "sector": "Consumer Discretionary", "decile": 9, "prev_decile": 8}, {"ticker": "VCTR", "sector": "Financials", "decile": 9, "prev_decile": 8}, {"ticker": "WU", "sector": "Financials", "decile": 9, "prev_decile": 8}, {"ticker": "BSY", "sector": "Information Technology", "decile": 9, "prev_decile": 8}, {"ticker": "CUBE", "sector": "Real Estate", "decile": 9, "prev_decile": 7}, {"ticker": "ENSG", "sector": "Health Care", "decile": 9, "prev_decile": 7}, {"ticker": "FR", "sector": "Real Estate", "decile": 9, "prev_decile": 7}, {"ticker": "ITT", "sector": "Industrials", "decile": 9, "prev_decile": 8}, {"ticker": "JHG", "sector": "Financials", "decile": 9, "prev_decile": 8}, {"ticker": "LSTR", "sector": "Industrials", "decile": 9, "prev_decile": 8}, {"ticker": "NOV", "sector": "Energy", "decile": 9, "prev_decile": 8}, {"ticker": "SN", "sector": "Consumer Discretionary", "decile": 9, "prev_decile": 8}, {"ticker": "WMG", "sector": "Communication Services", "decile": 9, "prev_decile": 7}], "exited": [{"ticker": "BDC", "sector": "Information Technology", "decile": 8, "prev_decile": 9}, {"ticker": "CBU", "sector": "Financials", "decile": 8, "prev_decile": 9}, {"ticker": "CDP", "sector": "Real Estate", "decile": 8, "prev_decile": 9}, {"ticker": "CRS", "sector": "Industrials", "decile": 8, "prev_decile": 9}, {"ticker": "CTS", "sector": "Information Technology", "decile": 7, "prev_decile": 9}, {"ticker": "DCOM", "sector": "Financials", "decile": 8, "prev_decile": 9}, {"ticker": "DTM", "sector": "Energy", "decile": 8, "prev_decile": 9}, {"ticker": "EPAC", "sector": "Industrials", "decile": 8, "prev_decile": 10}, {"ticker": "ESNT", "sector": "Financials", "decile": 8, "prev_decile": 9}, {"ticker": "GTY", "sector": "Real Estate", "decile": 8, "prev_decile": 9}, {"ticker": "HIW", "sector": "Real Estate", "decile": 8, "prev_decile": 9}, {"ticker": "IRT", "sector": "Real Estate", "decile": 7, "prev_decile": 9}, {"ticker": "KOP", "sector": "Materials", "decile": 8, "prev_decile": 9}, {"ticker": "LGND", "sector": "Health Care", "decile": 8, "prev_decile": 9}, {"ticker": "LNTH", "sector": "Health Care", "decile": 7, "prev_decile": 9}, {"ticker": "LQDT", "sector": "Industrials", "decile": 8, "prev_decile": 9}, {"ticker": "NPO", "sector": "Industrials", "decile": 8, "prev_decile": 10}, {"ticker": "OSIS", "sector": "Information Technology", "decile": 7, "prev_decile": 9}, {"ticker": "PAG", "sector": "Consumer Discretionary", "decile": 8, "prev_decile": 9}, {"ticker": "PIPR", "sector": "Financials", "decile": 8, "prev_decile": 9}, {"ticker": "SBCF", "sector": "Financials", "decile": 8, "prev_decile": 9}, {"ticker": "SIRI", "sector": "Communication Services", "decile": 7, "prev_decile": 9}, {"ticker": "SPXC", "sector": "Industrials", "decile": 8, "prev_decile": 9}, {"ticker": "SXI", "sector": "Industrials", "decile": 8, "prev_decile": 9}, {"ticker": "UFPT", "sector": "Health Care", "decile": 8, "prev_decile": 9}, {"ticker": "ULS", "sector": "Industrials", "decile": 8, "prev_decile": 9}, {"ticker": "URBN", "sector": "Consumer Discretionary", "decile": 8, "prev_decile": 9}, {"ticker": "WH", "sector": "Consumer Discretionary", "decile": 8, "prev_decile": 9}, {"ticker": "WLY", "sector": "Communication Services", "decile": 8, "prev_decile": 10}], "latest_date": "2026-07-13", "prev_date": "2026-06-30"}