{"n_deciles": 10, "n_date_pairs": 32, "counts": [[764, 435, 293, 223, 203, 174, 175, 195, 162, 229], [397, 472, 395, 331, 280, 260, 256, 256, 221, 209], [298, 351, 385, 335, 347, 283, 300, 270, 232, 226], [226, 321, 378, 388, 349, 313, 296, 304, 225, 248], [211, 287, 321, 367, 381, 351, 305, 308, 294, 250], [158, 257, 280, 326, 331, 401, 360, 315, 291, 253], [166, 212, 277, 313, 341, 320, 392, 312, 385, 291], [157, 240, 219, 281, 318, 317, 364, 433, 367, 370], [188, 244, 252, 243, 256, 307, 317, 386, 447, 398], [270, 263, 233, 249, 274, 249, 256, 293, 415, 654]], "row_prob": [[0.2678, 0.1525, 0.1027, 0.0782, 0.0712, 0.061, 0.0613, 0.0683, 0.0568, 0.0803], [0.129, 0.1534, 0.1284, 0.1076, 0.091, 0.0845, 0.0832, 0.0832, 0.0718, 0.0679], [0.0984, 0.116, 0.1272, 0.1107, 0.1146, 0.0935, 0.0991, 0.0892, 0.0766, 0.0747], [0.0741, 0.1053, 0.124, 0.1273, 0.1145, 0.1027, 0.0971, 0.0997, 0.0738, 0.0814], [0.0686, 0.0933, 0.1044, 0.1193, 0.1239, 0.1141, 0.0992, 0.1002, 0.0956, 0.0813], [0.0532, 0.0865, 0.0942, 0.1097, 0.1114, 0.1349, 0.1211, 0.106, 0.0979, 0.0851], [0.0552, 0.0705, 0.0921, 0.104, 0.1133, 0.1063, 0.1303, 0.1037, 0.1279, 0.0967], [0.0512, 0.0783, 0.0714, 0.0917, 0.1037, 0.1034, 0.1187, 0.1412, 0.1197, 0.1207], [0.0619, 0.0803, 0.0829, 0.08, 0.0843, 0.1011, 0.1043, 0.1271, 0.1471, 0.131], [0.0856, 0.0833, 0.0738, 0.0789, 0.0868, 0.0789, 0.0811, 0.0928, 0.1315, 0.2072]], "new_flagged": [{"ticker": "RUN", "sector": "Industrials", "decile": 10, "prev_decile": 8}, {"ticker": "AORT", "sector": "Health Care", "decile": 9, "prev_decile": 7}, {"ticker": "CPK", "sector": "Utilities", "decile": 9, "prev_decile": 7}, {"ticker": "CSW", "sector": "Industrials", "decile": 9, "prev_decile": 8}, {"ticker": "CVI", "sector": "Energy", "decile": 9, "prev_decile": 8}, {"ticker": "CXW", "sector": "Industrials", "decile": 9, "prev_decile": 8}, {"ticker": "ENOV", "sector": "Health Care", "decile": 9, "prev_decile": 8}, {"ticker": "GOGO", "sector": "Communication Services", "decile": 9, "prev_decile": 6}, {"ticker": "LXP", "sector": "Real Estate", "decile": 9, "prev_decile": 8}, {"ticker": "RWT", "sector": "Real Estate", "decile": 9, "prev_decile": 7}, {"ticker": "SHAK", "sector": "Consumer Discretionary", "decile": 9, "prev_decile": 8}, {"ticker": "ARW", "sector": "Information Technology", "decile": 9, "prev_decile": 8}, {"ticker": "CXT", "sector": "Information Technology", "decile": 9, "prev_decile": 8}, {"ticker": "FND", "sector": "Consumer Discretionary", "decile": 9, "prev_decile": 8}, {"ticker": "SN", "sector": "Consumer Discretionary", "decile": 9, "prev_decile": 8}, {"ticker": "STWD", "sector": "Financials", "decile": 9, "prev_decile": 8}, {"ticker": "TXRH", "sector": "Consumer Discretionary", "decile": 9, "prev_decile": 8}, {"ticker": "XRAY", "sector": "Health Care", "decile": 9, "prev_decile": 7}], "exited": [{"ticker": "AGNT", "sector": "Real Estate", "decile": 8, "prev_decile": 9}, {"ticker": "ALKS", "sector": "Health Care", "decile": 8, "prev_decile": 9}, {"ticker": "BC", "sector": "Consumer Discretionary", "decile": 8, "prev_decile": 9}, {"ticker": "CABO", "sector": "Communication Services", "decile": 8, "prev_decile": 9}, {"ticker": "CR", "sector": "Industrials", "decile": 8, "prev_decile": 9}, {"ticker": "CRS", "sector": "Industrials", "decile": 8, "prev_decile": 9}, {"ticker": "DEI", "sector": "Real Estate", "decile": 8, "prev_decile": 9}, {"ticker": "FORM", "sector": "Information Technology", "decile": 8, "prev_decile": 9}, {"ticker": "FUN", "sector": "Consumer Discretionary", "decile": 8, "prev_decile": 9}, {"ticker": "KGS", "sector": "Energy", "decile": 7, "prev_decile": 9}, {"ticker": "MGEE", "sector": "Utilities", "decile": 8, "prev_decile": 9}, {"ticker": "NEO", "sector": "Health Care", "decile": 8, "prev_decile": 9}, {"ticker": "OSW", "sector": "Consumer Discretionary", "decile": 8, "prev_decile": 9}, {"ticker": "PAYO", "sector": "Financials", "decile": 8, "prev_decile": 10}, {"ticker": "PENN", "sector": "Consumer Discretionary", "decile": 8, "prev_decile": 9}, {"ticker": "RBC", "sector": "Industrials", "decile": 8, "prev_decile": 9}, {"ticker": "TNDM", "sector": "Health Care", "decile": 8, "prev_decile": 9}, {"ticker": "VECO", "sector": "Information Technology", "decile": 6, "prev_decile": 9}], "latest_date": "2026-07-10", "prev_date": "2026-06-30"}